Threshold - 0.9 Total Len - 100 Obs Len -10

2002
267.4166666666667   3.4166666666666665   0.06990358731273916   0.40927964749985635   -0.8879253018465975
2003
246.91666666666666   5.75   0.1249202972319316   -0.27892790391442573   0.1705138601180092
2004
250.41666666666666   4.0   0.11969011128874689   0.08714628900664133   0.4407455033971437
2005
236.41666666666666   5.416666666666667   -0.2276985485852218   -0.2271014696393843   -0.08381086280119793
2006
214.33333333333334   10.333333333333334   0.3421041892011432   0.23659872395606227   0.4023552637092625
2007
232.08333333333334   4.166666666666667   0.6217293012192733   0.685651543597503   1.0548141992607254
2008
274.0833333333333   5.416666666666667   -2.1933289960225437   -1.7740506069597493   -0.9557745371393699
2009
225.16666666666666   2.25   0.897577550129955   0.8284415263124054   1.2766679704996506
2010
241.33333333333334   4.333333333333333   0.12435598265427535   0.04863930012503953   -0.10338219553097565
2011
239.91666666666666   4.0   0.5192084335932641   0.7631741496867709   -0.25291986842090614
2012
228.75   2.9166666666666665   0.050703767849687165   -0.09971973283609463   -0.4369402618201447
2013
242.25   3.6666666666666665   0.5792188748160892   0.6811931504089014   1.2632195400333739
2014
249.5   4.0   0.5272860594567407   0.5842488244423739   0.3690269071816595
2015
234.66666666666666   3.0833333333333335   0.14301642483171695   0.2541041462582904   0.22541458099488984
2016
247.33333333333334   3.8333333333333335   -0.08566362991349037   0.03146383521017231   0.28528708836203615
2017
238.66666666666666   4.0   0.26770282750116164   0.31915385754934267   0.5800212398655324
2018
247.5   6.416666666666667   0.16094116652375226   0.13995514456116584   0.017377055291153926
2019
240.25   3.9166666666666665   0.7051560245307896   0.6546883283765897   0.04559073573382685
2020
223.58333333333334   4.583333333333333   0.6703224638750225   0.5840640751963923   1.4528323080424945
########################################################################################################################
Threshold - 0.9 Total Len - 50 Obs Len -5

2002
221.41666666666666   4.0   -0.06668292272252381   -0.09112933150179914   0.3152812900449257
2003
220.16666666666666   3.9166666666666665   0.6282690595673998   0.5211776000932417   0.7907710350425269
2004
221.25   2.8333333333333335   0.20916939137967105   0.30605590204090444   0.935017226057789
2005
233.25   4.583333333333333   -0.18936721464835213   -0.34490371343248083   0.02386108413570895
2006
228.25   4.833333333333333   0.31967082809829495   0.259598075844843   0.14327949642691912
2007
226.0   4.25   0.5412581877743422   0.5658239778974063   0.38374356606542565
2008
266.9166666666667   4.333333333333333   -0.6618558083650931   -0.6599423089474018   -0.6859306868829346
2009
243.75   3.0   0.48050502209724283   0.4319182253238465   1.3003008966046041
2010
235.41666666666666   3.75   0.09650236314673859   0.10161190362545014   0.03449541933165002
2011
235.41666666666666   3.8333333333333335   -0.04680215947663788   -0.07105101415244346   -0.5567011507470531
2012
238.66666666666666   4.083333333333333   0.1800559319648237   0.15511064542815647   0.4459102122698197
2013
249.33333333333334   3.25   0.02090890624255772   0.05694497305347187   0.1870059151634482
2014
243.41666666666666   3.5   0.11786536336114639   0.15678917869637163   -0.30020622231240507
2015
235.0   2.5833333333333335   0.2417317289766673   0.12714011335696693   0.08322014958639991
2016
250.66666666666666   3.8333333333333335   0.12201616139561726   0.12936339442914715   -0.23642955974336397
2017
252.5   4.0   0.17686306056304066   0.18943748838133656   -0.2277871428586098
2018
242.0   4.833333333333333   0.4851102388073542   0.4961019670871605   0.08347030032874136
2019
244.83333333333334   3.8333333333333335   -0.03267369901855937   -0.048170377167731336   -0.18160141334121602
2020
224.08333333333334   3.5   0.8380517658163362   1.1494926356652202   1.0244910667918077

    result = compute_results_for_year(year, base_stocks, 0.8, 100, 10, sa)
Relax target period to 3 days [-1,0,1]

2001
271.7027027027027   22.72972972972973   0.08197588091258529   -0.03215332252780965   -0.2342527928790612
2002
235.32432432432432   22.243243243243242   0.29127483553842576   0.3869880139069705   0.3512684715977992
2003
250.35135135135135   20.135135135135137   0.37647200524508484   0.33999354891478806   0.4501568654624706
2004
215.45945945945945   16.91891891891892   0.5200040531414226   0.5553305232006333   0.6470285038317476
2005
229.35135135135135   16.27027027027027   0.034104801746360665   0.09050455865456812   0.06685645435272411
2006
238.48648648648648   19.594594594594593   0.1539125489347414   0.19261356285906145   0.4917710869007879
2007
235.02702702702703   17.513513513513512   0.4034893289931691   0.4410084623749243   0.5347939191626829
2008
261.5405405405405   24.486486486486488   0.28107647936420455   0.14668292633255925   -0.021206943785726646
2009
241.9189189189189   18.56756756756757   0.5719697725774718   0.6175118134760732   0.42467515268670475
2010
230.32432432432432   17.972972972972972   0.3387068254772009   0.35054425027316594   0.38551421614955883
2011
241.75675675675674   19.594594594594593   0.3462598180398182   0.41892954246575104   0.2839833845182968
2012
234.6216216216216   19.72972972972973   0.487257659935634   0.4218078889182859   0.42488596103277115
2013
234.1891891891892   19.864864864864863   0.3301799460316078   0.3287176237499567   0.4472267614653048
2014
233.40540540540542   19.620162162162162   0.541441183471652   0.5750663477866299   0.8711558520136851
2015
227.32432432432432   17.72972972972973   0.18707652088606277   0.20254312983944656   0.1361286870481199
2016
250.1081081081081   22.864864864864863   0.20531010529140867   0.17984660116798826   0.23740460996223078
2017
239.45945945945945   19.72972972972973   0.2937791507428701   0.30888141854731593   0.481749993206496
2018
242.54054054054055   22.243243243243242   0.5695029333893425   0.5587856573105241   0.6570638830241154
2019
239.51351351351352   18.81081081081081   0.4788143151275023   0.4686136235616368   0.5275314157525144
2020
232.97297297297297   19.27027027027027   0.7727429743081916   0.8101362108142994   0.9133580125198564
Total Wins -  12

    result = compute_results_for_year(year, base_stocks, 0.7, 100, 10, sa)

2013
234.1891891891892   53.86486486486486   0.3301799460316078   0.3287176237499567   0.3276366571773583
2014
233.40540540540542   56.5945945945946   0.541441183471652   0.5750663477866299   0.7391804604484229
2015
227.32432432432432   53.108108108108105   0.18707652088606277   0.20254312983944656   0.18314839211331335
2016
250.1081081081081   65.08108108108108   0.20531010529140867   0.17984660116798826   0.2591868043575426
2017
239.45945945945945   56.86486486486486   0.2937791507428701   0.30888141854731593   0.42241997163674183
2018
242.54054054054055   60.5945945945946   0.5695029333893425   0.5587856573105241   0.5186537789915723
2019
239.51351351351352   57.45945945945946   0.4788143151275023   0.4686136235616368   0.443652123597829
2020
232.97297297297297   55.21621621621622   0.7727429743081916   0.8101362108142994   0.8677396086583963
Total Wins -  4

    result = compute_results_for_year(year, base_stocks, 0.9, 100, 10, sa)

2013
234.1891891891892   4.081081081081081   0.3301799460316078   0.3287176237499567   0.3088486487454751
2014
233.40540540540542   3.864864864864865   0.541441183471652   0.5750663477866299   0.4075259646046634
2015
227.32432432432432   3.7567567567567566   0.18707652088606277   0.20254312983944656   0.5390009044926767
2016
250.1081081081081   4.891891891891892   0.20531010529140867   0.17984660116798826   0.448542848040228
2017
239.45945945945945   3.945945945945946   0.2937791507428701   0.30888141854731593   0.3727439589295202
2018
242.54054054054055   4.486486486486487   0.5695029333893425   0.5587856573105241   0.6921329545381852
2019
239.51351351351352   3.4054054054054053   0.4788143151275023   0.4686136235616368   0.4186780490620011
2020
232.97297297297297   4.5675675675675675   0.7727429743081916   0.8101362108142994   1.1492712592707877
Total Wins -  5