    result = compute_results_for_year(year, base_stocks, 0.7, 150, 30, sa)

2002
238.0   56.69230769230769   -2.6283833716980585   -3.864886142417191   -8.906759249814371
2003
256.0   69.84615384615384   9.687607301325203   10.159208995144054   10.122243581078099
2004
220.30769230769232   68.38461538461539   6.273459652405639   7.52242866382813   11.024949552702195
2005
226.69230769230768   73.0   -3.0839068729261108   -3.263834896628603   -3.0777311969360257
2006
234.84615384615384   62.23076923076923   7.590263673210844   6.344261391487355   11.368001611113153
2007
235.15384615384616   62.38461538461539   -4.702583582028293   -5.777054106685717   -6.336286617300954
2008
253.84615384615384   65.53846153846153   -25.2608652157819   -29.04667044698103   -34.2378847380539
2009
259.38461538461536   93.6923076923077   -20.658585587698937   -25.593750929897038   -21.039872476492796
2010
220.07692307692307   59.76923076923077   6.1269159618659605   7.235374034017327   8.55188020454948
2011
220.92307692307693   58.61538461538461   -4.324002249148661   -7.433237472781659   -8.649512047443482
2012
248.07692307692307   71.92307692307692   5.615762867190197   2.37061512480968   -0.01672671592508812
2013
233.46153846153845   61.30769230769231   14.121307812686476   15.343015701327428   17.073806351184334
2014
232.6153846153846   70.53846153846153   6.1005093716044865   7.407378173328921   10.018797922666241
2015
231.23076923076923   71.15384615384616   -7.164569233423161   -7.896463826551282   -4.025068156749973
2016
254.15384615384616   71.07692307692308   -1.278196155823995   -0.3372239727362014   -4.604831208002855
2017
239.0   69.3076923076923   5.037813247224429   4.340890627352988   3.7402955263469417
2018
244.23076923076923   81.3076923076923   13.458897544326392   11.646491903316825   15.449026424874447
2019
244.30769230769232   71.0   14.802959759335005   11.6232024561574   15.024101787172668
2020
224.30769230769232   59.38461538461539   -8.72811120567254   -7.380452076221911   0.5023432448995422
########################################################################################################################

result = compute_results_for_year(year, base_stocks, 0.7, 150, 10, sa)
13/19

2002
255.6216216216216   18.54054054054054   -4.921504990133003   -2.683448022405641   3.097451622493861
2003
251.35135135135135   24.864864864864863   6.232509031021046   8.206662655925129   5.395338349632935
2004
216.94594594594594   17.243243243243242   11.24249380297108   10.807560161444131   14.96984906494499
2005
231.0   21.45945945945946   -3.984994349299134   -4.204249918098907   3.717531418632045
2006
240.8918918918919   29.594594594594593   -0.42834310027393385   2.9074824426119905   6.653668369060451
2007
238.78378378378378   20.08108108108108   2.9757479531689803   6.123998463788227   7.385784382392835
2008
261.2432432432432   23.756756756756758   -14.72745107062913   -12.216837253905576   -22.3659085834569
2009
243.16216216216216   16.405405405405407   5.778348888576551   -3.2743108273322097   -3.338827949689571
2010
232.0   16.027027027027028   0.8321449195227592   0.6917416207630251   2.6445957737491588
2011
237.72972972972974   18.89189189189189   -1.7478344596183835   -1.131576511429255   2.5871828564027033
2012
238.59459459459458   15.621621621621621   11.559284874100799   8.380950150865983   6.6132315462061495
2013
232.6216216216216   16.0   8.477105276793939   8.03005303198492   7.172505259860261
2014
232.35135135135135   21.405405405405407   9.76524690400741   9.546712483174064   15.439837799132402
2015
229.6216216216216   20.216216216216218   -1.7203903115975174   -3.389104052694393   5.393346621690404
2016
253.8918918918919   20.864864864864863   -0.9017626294071845   -3.544500612699225   -7.977463602236052
2017
241.75675675675674   25.135135135135137   8.173270534449626   9.667998985971373   13.575763412435288
2018
245.45945945945945   23.64864864864865   12.879046009848917   11.73463634118818   14.992981438640163
2019
239.8918918918919   19.135135135135137   13.437894427157678   13.739991811775202   14.533897752938522
2020
230.35135135135135   16.675675675675677   18.318070812778025   17.634216485748237   22.842504202922317

    result = compute_results_for_year(year, base_stocks, 0.8, 100, 10, sa)

2002
235.32432432432432   22.243243243243242   -4.921504990133003   -2.652022801790264   -3.7173460145952792
2003
250.3783783783784   20.16216216216216   6.232509031021046   5.605074035644886   9.564575731009926
2004
215.45945945945945   16.945945945945947   11.24249380297108   12.91194656949957   16.680609570768897
2005
229.35135135135135   16.27027027027027   -3.984994349299134   -2.5292727069124883   -1.7750174268623855
2006
238.45945945945945   19.62162162162162   -0.42834310027393385   0.6833390957191323   12.678896467020051
2007
235.05405405405406   17.513513513513512   2.9757479531689803   4.283808068205067   7.386565270398814
2008
261.5405405405405   24.45945945945946   -14.72745107062913   -21.312044651712114   -28.939763907724007
2009
241.9189189189189   18.56756756756757   5.778348888576551   8.101539832672522   0.364921076979011
2010
230.32432432432432   17.972972972972972   0.8321449195227592   0.4303238953054329   -0.0781573706182591
2011
241.75675675675674   19.594594594594593   -1.7478344596183835   0.7960297758643349   -6.375990342774652
2012
234.6216216216216   19.72972972972973   11.559284874100799   8.575788937005246   8.059909328369493
2013
234.1891891891892   19.864864864864863   8.477105276793939   8.123842784031819   11.008963915796778
2014
233.43243243243242   19.675675675675677   9.76524690400741   10.57779377710807   20.151743647837833
2015
227.35135135135135   17.783783783783782   -1.7203903115975174   -1.3866459935191129   -4.772293050619464
2016
250.1081081081081   22.89189189189189   -0.9017626294071845   -1.8698749373965626   0.13187842090259683
2017
239.45945945945945   19.72972972972973   8.173270534449626   8.45882953040856   13.362884903062499
2018
242.54054054054055   22.243243243243242   12.879046009848917   11.777590211091756   14.380359797940873
2019
239.51351351351352   18.83783783783784   13.437894427157678   12.979712766288063   11.580958153075812
2020
232.97297297297297   19.27027027027027   18.318070812778025   19.60497091813081   22.231262535158407
Total Wins -  11

    result = compute_results_for_year(year, base_stocks, 0.8, 80, 10, sa)

2002
243.54054054054055   13.81081081081081   -4.921504990133003   -5.400465729252928   4.408503175928259
2003
243.56756756756758   11.945945945945946   6.232509031021046   7.707777243868531   -3.3877171538927797
2004
228.59459459459458   11.567567567567568   11.24249380297108   15.04773595948214   5.658551706293631
2005
234.27027027027026   10.756756756756756   -3.984994349299134   -1.2375471874881496   3.6022724173740723
2006
238.35135135135135   14.162162162162161   -0.42834310027393385   2.981247583517914   7.772404877908828
2007
236.43243243243242   14.054054054054054   2.9757479531689803   5.608031568417278   0.016387717477139074
2008
262.4054054054054   17.486486486486488   -14.72745107062913   -14.619479034104888   -18.29653918168501
2009
235.97297297297297   12.702702702702704   5.778348888576551   2.8559611493186   -0.8767816447046355
2010
231.40540540540542   11.81081081081081   0.8321449195227592   3.7622473645351313   3.792015655489961
2011
241.9189189189189   13.567567567567568   -1.7478344596183835   -2.590744235597615   13.828641034754263
2012
235.13513513513513   13.18918918918919   11.559284874100799   12.533514516950845   14.567266464866295
2013
236.48648648648648   13.405405405405405   8.477105276793939   7.228305002501172   10.945908344425174
2014
233.94594594594594   13.405405405405405   9.76524690400741   9.326792925826648   15.5739092271856
2015
234.59459459459458   11.972972972972974   -1.7203903115975174   -1.782543391016269   0.5058649732277174
2016
250.16216216216216   15.108108108108109   -0.9017626294071845   -0.4691329690529981   0.9101510580433042
2017
237.7027027027027   13.162162162162161   8.173270534449626   10.007760527498533   7.344531611531176
2018
248.1891891891892   14.432432432432432   12.879046009848917   15.947822346830073   21.322178860066156
2019
237.86486486486487   12.621621621621621   13.437894427157678   10.486871485773586   4.012426671370257
2020
232.40540540540542   13.81081081081081   18.318070812778025   13.729601582858617   14.660901296084061
Total Wins -  11

    result = compute_results_for_year(year, base_stocks, 0.7, 50, 10, sa)

2002
237.6216216216216   74.1891891891892   -4.921504990133003   -0.8931395595222369   -4.364642470194845
2003
249.24324324324326   75.13513513513513   6.232509031021046   8.10961358338337   8.376166010408896
2004
235.16216216216216   64.86486486486487   11.24249380297108   9.179977861580783   5.746032446226344
2005
237.83783783783784   62.67567567567568   -3.984994349299134   -4.82633187132154   -5.873433584215986
2006
240.32432432432432   66.70270270270271   -0.42834310027393385   -1.977657685848632   -0.035450112579522464
2007
240.97297297297297   66.94594594594595   2.9757479531689803   5.597502011843462   4.024448498801609
2008
259.02702702702703   79.70270270270271   -14.72745107062913   -14.5980335135141   -16.62052325626649
2009
235.21621621621622   70.0   5.778348888576551   0.0917536650641867   0.1364062599543392
2010
235.56756756756758   63.810810810810814   0.8321449195227592   1.4990213701687711   2.872138197472103
2011
239.2972972972973   66.8108108108108   -1.7478344596183835   0.015893058007712513   2.7980694576612986
2012
235.83783783783784   69.83783783783784   11.559284874100799   9.249509870391952   13.443074431489546
2013
241.54054054054055   68.43243243243244   8.477105276793939   8.01360652332323   8.346836348364626
2014
234.86486486486487   68.64864864864865   9.76524690400741   10.657240362601115   12.156858753843075
2015
234.43243243243242   67.97297297297297   -1.7203903115975174   -0.19077585877682668   4.069993021233298
2016
249.32432432432432   78.45945945945945   -0.9017626294071845   -1.108584911749697   1.1212729637427534
2017
240.7027027027027   71.97297297297297   8.173270534449626   8.142372580781165   7.094576488557839
2018
245.6216216216216   72.86486486486487   12.879046009848917   13.726596650514928   15.203872978814864
2019
241.32432432432432   69.5945945945946   13.437894427157678   10.6635356893526   12.018485539803315
2020
228.8918918918919   65.91891891891892   18.318070812778025   18.941783020919683   17.552933068635973
Total Wins -  9


    result = compute_results_for_year(year, base_stocks, 0.8, 100, 10, sa)
Relax target period to 3 days [-1,0,1]
2001
271.7027027027027   22.72972972972973   3.0331075937656555   -1.1896729335289569   -8.667353336525265
2002
235.32432432432432   22.243243243243242   10.777168914921752   14.31855651455791   12.996933449118572
2003
250.35135135135135   20.135135135135137   13.929464194068139   12.579761309847157   16.65580402211141
2004
215.45945945945945   16.91891891891892   19.240149966232636   20.54722935842343   23.940054641774662
2005
229.35135135135135   16.27027027027027   1.2618776646153447   3.3486686702190203   2.473688811050792
2006
238.48648648648648   19.594594594594593   5.694764310585432   7.126701825785274   18.195530215329153
2007
235.02702702702703   17.513513513513512   14.929105172747256   16.3173131078722   19.787375009019268
2008
261.5405405405405   24.486486486486488   10.399829736475569   5.4272682743046925   -0.7846569200718859
2009
241.9189189189189   18.56756756756757   21.162881585366456   22.847937098614707   15.712980649408076
2010
230.32432432432432   17.972972972972972   12.532152542656434   12.970137260107139   14.264025997533677
2011
241.75675675675674   19.594594594594593   12.811613267473273   15.50039307123279   10.507385227176982
2012
234.6216216216216   19.72972972972973   18.02853341761846   15.606891889976579   15.720780558212534
2013
234.1891891891892   19.864864864864863   12.216658003169487   12.1625520787484   16.54739017421628
2014
233.40540540540542   19.62162162162162   20.033323788451124   21.277454868105306   32.232766524506346
2015
227.32432432432432   17.72972972972973   6.921831272784322   7.494095804059523   5.0367614207804365
2016
250.1081081081081   22.864864864864863   7.596473895782121   6.654324243215566   8.78397056860254
2017
239.45945945945945   19.72972972972973   10.869828577486192   11.428612486250689   17.82474974864035
2018
242.54054054054055   22.243243243243242   21.071608535405673   20.675069320489392   24.31136367189227
2019
239.51351351351352   18.81081081081081   17.716129659717584   17.338704071780562   19.518662382843033
2020
232.97297297297297   19.27027027027027   28.591490049403088   29.97503980012908   33.794246463234686
Total Wins -  12